3.60334509494914
0.8010966816875486
1.5415207112685665
0.7910055812049105
1.7457330257618169
1.0849183385907801
1.230831808433798
1.0918080881644578
1.9330977237605684
2.177379385193193
3.6904116164633307
2.88330506369276
2.187418413716026
0.9384648589867188
2.7557175842331265
1.0899306535609405
1.283254596129824
0.7950336801153504
1.027619197616644
0.9680759364500872
3.235466361790496
1.334090646980321
0.7292224625984192
1.366935367708039
1.4122397309580277
0.8353069080233205
2.3677176647127127
0.8371656970280079
1.176635981987908
0.9433583803773536
1.3717231329324802
1.407314267588419
0.8527250271164664
0.9748165813467533
0.8294769412354553
1.9809100356760962
4.581066252178379
3.72103534281864
1.2880984773601873
1.2138288773798598
0.9288300439472325
0.8803516969426513
1.0162049842175884
1.3786328177696479
2.4255106329429257
1.1489139164419604
1.4170504581421397
2.028032152006832
0.7497565740914354
0.821162287693871
1.0981812367214654
0.8567323608944835
0.858361438016303
0.8096232366390066
2.507067420914664
1.1268607094031122
3.7979909009184434
2.788426664786753
0.9518996597325692
0.997844277526494
3.4205892383239154
2.692392942797999
1.2555907028559403
1.8992349213637352
2.2575875142292046
2.167945086219428
0.9918445175762404
1.4410854676570397
1.3205411735981136
3.6425537328368867
0.8183725354983462
1.8735750754785305
0.8236106410030639
3.060012494290884
1.1337723278591996
3.1895719729751026
1.2600940788480126
0.8653170233160221
1.5802617391230551
0.7790943914296565
1.528425453017682
1.3738117952475801
1.1663140674615526
0.8107889291456907
1.022733439298083
1.18809276336262
1.2921423806898007
1.2060015100213173
0.862112878438352
2.709349781454634
2.778129731336653
3.271800360056718
0.8474793826128022
0.9752548551647844
2.1467662457747427
1.6956419630275692
3.457408015455148
1.7588870153950067
2.0247297220647154
2.1875561621308037
6.786718764418563
1.3830766004663697
5.823589998169124
3.386440356045062
2.1265724604255105
9.621182842934475
7.520478215456811
0.7558531236190167
3.597731895369278
1.1992469903338632
1.2944592685798226
3.1356435824571918
2.7805544805291906
0.7486422624429426
1.0710073849193504
2.980308484452193
2.2396637598522435
3.217637601095079
1.090958747938821
1.2381533903958242
0.8809186806164502
1.6815860918681447
0.8252409182205003
1.0475316630454334
3.2944969075481243
1.9133861213011227
2.8771544946847394
2.158344930300987
0.923052449280314
0.9589071666842627
1.1753672957038301
9.073746747973004
6.872805533506706
7.425447241220605
3.1556538408886117
6.926321023210194
3.0785315022339637
1.554579548856333
1.1692321421779097
0.9032310185650928
4.495141634476003
1.8277537788742635
1.2155972839478957
1.3256759061930872
1.301415077988792
2.352514027667539
2.762347904841614
1.6558687649353527
0.7110538141843072
6.304255840577203
1.0206344246758725
1.385361559708375
2.483322169647192
1.5181905509073579
1.37488705595242
2.426384665088445
2.805840464224804
1.2033162221251275
0.9536944735394336
1.2969409478982985
0.9059551082834265
0.8634474730608253
1.381721836310914
2.4153255441549426
2.5961800249593465
2.6561814462317295
2.644571788606684
2.4401371967458236
0.7531774770137508
1.5143642099115449
1.0316343643627057
1.9382715299778803
0.760915645042159
0.9022723402058404
1.556065232424042
1.5088792177183632
0.9061715302530486
1.1533616894476615
0.7625301024953581
1.4647772607232843
1.3968701073970708
0.7535675534920032
0.7992925694682217
0.9591566832951991
0.8901751440064858
0.895415978347881
0.8658629187307163
1.4430745561934888
1.377044833795217
2.623101324361541
1.7938736469854168
2.5416100346843926
2.6121873495205854
0.8293119644140564
3.1633923660006356
0.8690331167453593
0.8941691837214669
1.4552003092378174
1.6909863241334893
3.8613338592695206
3.21430060084504
1.428457805206047
0.8256834608753714
0.8293636091248419
1.7328112816288643
2.5971389998817864
1.334427460060163
3.41359263063967
2.8038665099912627
1.5091640808619222
11.195994211102448
7.7971118463473035
1.8996942035273041
0.9244687808637573
1.9698153028607972
3.383937590541667
1.614214172015451
2.2177500822973975
2.969724757923503
1.2488264750803
1.2455382848039058
1.872751643540696
1.1125060479045652
1.1738532353144744
1.4094653414496494
1.045229987424584
0.7690628782095341
0.9541178878176284
1.4793310399951671
4.485601929831693
3.5258708337538454
2.0772024097762207
0.862369321621386
15.764221905420884
9.765331145011613
20.095993689151786
9.306818056863106
8.020977812335726
2.257828446365579
2.715134063323651
1.231335156421979
2.2075504348506803
7.002638805669827
4.848942917329126
1.6116488539107119
5.508734344223146
0.7554385856596529
1.4043631102583303
3.2010064768594346
0.8021290220874254
1.1113791123241432
2.2214976836120055
1.301814139882069
0.843691148146188
2.0552904881779224
3.1691009528577117
1.2083355215790768
1.1135985535641166
4.861207823906958
2.321805729483493
11.594307111783088
15.2833913789337
29.011935907680204
17.336628691396275
5.615395124903695
1.0759229567025816
2.5112237202204355
7.588423072499385
1.646778339976752
3.5775189304058
3.7089174490161287
2.8632299272918242
4.219988752108514
1.4647144680447828
4.757460012867243
4.599463735600336
2.3463966424944505
1.0260633589341883
1.2374150642249617
7.2423693191065555
1.1786013908520896
0.8684488553930301
1.564673195386505
1.412069508197872
1.2489271490573035
4.442490351358192
9.778843096253974
31.85048634842002
28.604568654691164
2.547891043587397
3.378725646270621
2.3582125820107716
1.0131686631447565
0.8719755737860203
1.5980353688946236
2.0070384993812653
1.3749180610929796
0.7889165173947867
3.199613934899614
3.931791641939032
3.196974430981248
1.1799295080573307
2.3646698049989596
1.402884761956974
1.9375399922999466
1.9309473242982143
1.022048800968127
1.1115704718837334
2.84110651706715
1.9967061297312396
2.4705426675323015
2.0159183688162075
2.294716714242877
0.810972480925701
1.6016419032475588
2.139193132345039
0.917852611209014
0.9004255425028859
0.9588367281157124
0.8231459756213053
1.2764739533718943
3.0634798452075134
1.7375782515207343
3.7679071179158696
2.5860881451737634
3.455413691004579
4.741816270278588
2.9379788099397546
3.0460882152061757
2.595897600129901
14.87087370847568
3.1911913023312177
5.589619275063804
1.3623520432155884
2.2392746943975497
2.0616972989633546
1.064471986953585
6.129502265690376
0.988571912752847
2.6177019111435755
0.8602763147441179
1.0414819524173136
2.0473360930791253
3.5452523837453156
3.74205857597507
0.7513148439301008
2.3546898854232774
1.0269459691869915
1.3874253571731883
3.2136008875332
1.4386369307741298
1.0621345506095685
0.7993025573571876
1.2188379865025427
1.8285099626235362
2.1364893586558886
3.411780778913213
1.6035843841000934
2.0495824981098556
3.410825827292171
1.4214740893892353
0.7047750091909847
0.8047587291738902
0.793599322110797
0.8211840773072949
2.222974400035057
2.7799654116073444
1.1260519675584177
1.5169493295537242
1.0539058377926815
1.7992320030670492
0.977749774971984
1.3266720627290522
0.7848683716370024
1.977415803908404
2.0522826693662664
0.755648434735568
1.0817020257101524
3.271718796845107
1.7917131067796246
3.254396458962279
2.465606196591346
0.766807018757385
3.494129478288864
1.6307355690252248
2.561920371328306
7.396793597802537
4.172359666828982
1.140307651181406
1.7415152586107459
15.346802224579525
7.212384229068239
3.3922296516718724
1.2102846257334159
1.2692166579414002
0.9373689837600154
4.076843356691152
1.6396431070681377
1.364823326588127
2.0784422303421834
2.103864395806184
1.2670943092039182
2.1335971163434255
0.869377017141334
0.769713450397868
0.8703701819264641
0.7557795093902862
2.853046042703998
0.942820225695252
3.940919613317583
2.697809422123953
2.103999183378972
0.840673507139375
0.8305087146762535
2.927341408516181
0.8279889559362171
0.7479016750926583
3.2563590166371097
1.0283733733100255
1.9097949566420955
4.781834140547512
0.8341695492231872
3.832597715267951
10.943226367690649
1.8711231529028767
3.535452691875442
4.568629506311902
2.539231388209602
4.541338766407531
1.6183026228951438
3.5071725894499175
2.991105781881111
1.2090011350160486
2.504064238902087
4.949133981992927
2.1710929646572152
1.603134810345436
3.2712694827619546
1.0757374534562767
4.317311978587057
0.9590046044061751
0.8769553133237975
1.1109641665938683
4.004729575741789
1.1094679542605352
1.8448464053313482
2.965053804003255
3.9587358785775417
4.954156646992565
2.8935510376675833
25.66702388629946
6.163287138211182
2.0857628019676633
1.4818852762308825
4.298379570999986
1.2495727664921128
1.1957963489867225
1.6120929301452283
4.461132612630465
3.207787152248079
1.3152790833301318
1.028725874986715
0.9204454344225513
1.012247813159175
2.2968756773920265
2.64455007420392
2.1480267468804084
1.2916131967910924
1.242578715435108
1.9571944525463505
2.07076734402205
1.0518399662973927
4.156738311450219
1.7646254922721254
7.661595283300402
4.044032361449186
2.5924248765823044
0.751703742717115
0.9648375128077851
1.4734040422301942
5.215288454990222
1.3940653734244957
0.7696039758608246
0.9852368574876507
1.7764201885806683
3.446900933283159
2.640341711470165
3.9017516490908277
0.8258951614760432
1.7510538053665088
14.133437637402965
14.947857146791456
10.341420236557042
4.317109124969673
1.4746263026080009
1.5359557757900935
3.909275880507862
3.243653552772109
1.4326505628295103
3.0020818972107945
2.8297855985304547
1.4170629203957061
1.8366071886101818
2.309341715152359
0.9131862123711985
1.187960633488697
0.8941242581320197
2.121370501966732
1.7834456249724928
0.7780176647422058
0.9173672002196573
0.7506630408191787
2.389402822887346
1.7578138064779378
1.2581049567367437
0.8713788673452357
2.302003464213281
2.4292819607793557
1.6701731311798107
1.5202422288395332
1.1233016998265115
0.9196680243328671
3.176012805491205
1.6584807913331203
3.4109446154178635
1.566702943672333
1.4313989798724271
2.100656375076936
6.242938853133754
6.707124473720022
7.117287080267672
4.196311253870683
1.5544042735765047
4.799466558908693
1.8226173515863162
1.6366705454651858
0.7783088753656507
1.6753032250918711
2.1108746098209594
2.385505123701496
1.770868298735952
1.260906858252044
0.978694675379306
1.676632432571061
2.3204916041248644
1.8630702568297082
2.0632425081838734
3.674390455096895
1.635719131870927
2.650516881932451
2.482362807455411
0.762012777674731
1.7346531544321353
1.1015852805251554
0.9101140843249689
1.668073518941153
1.0507622993586758
2.3154440367303986
0.8512740614251011
2.7123979100385043
1.9793956311384875
1.3092022005956028
2.4660826868416117
1.0446527293648684
1.3949592003740525
1.9397300734582363
3.198738949970464
3.192845836429225
1.393954544387857
1.596182118840134
2.439462458617153
1.1525606598948959
2.934915887091712
0.9361379300953526
0.8821004588659889
0.8596216251036836
1.3894415189735512
0.7405794143551034
1.4152121212829352
2.1679615641513053
0.9815694958846999
0.7362544031211503
1.334810198099881
1.3393259631955212
1.9085408190936337
2.0723920377497334
2.0908284529872865
2.445248685401937
2.2331581814770525
1.9331765506840837
0.8167266086926079
3.276801880350501
2.8444687335689447
3.10414016631063
2.2292669672940946
1.4846760634805767
1.063694442302537
0.8288149607167616
1.480532412652986
1.3855175581182175
2.600373395930355
1.166159336745399
1.2376812527917191
0.87722350566588
1.8293305077411808
4.28683541090879
1.9663205320220851
2.199854072451829
1.431812085822805
0.7461141811685716
2.2181732696051344
1.201081954708927
0.9723490673484058
0.9997198908848376
2.625695497429374
0.7307433903797688
1.6029530641537308
1.7240453807372742
2.7813046277434608
2.697101223055798
1.0378684658567285
3.106303822819035
1.502799483609182
2.5315566811265198
2.384384261499005
20.849342448695758
18.793327236252903
1.888617070709833
2.0424179525973085
0.7532057587318732
2.912450739386166
0.7844637117282325
3.516046853617585
1.860165469854789
0.7613276506780284
0.8831247274226066
0.828355838526166
3.5244575881254465
1.5671544206626744
1.9678866196746594
0.8494497452046593
2.1063918910998245
1.2882411264005242
2.68574165546908
3.4085243650205195
1.8993679462090023
1.7076814746022604
0.7482884660164699
0.958616608104711
1.528774745970147
2.1685085034340914
1.4182340283689523
2.4192848961449407
0.8568539662139029
1.8221172680275664
0.8147488253032784
3.1759851661903378
0.9512025867767202
2.5762878597276293
0.9961244804983416
0.8677079532653057
1.1184678457481485
0.7830234471038505
0.862429264509783
1.6782476346488278
0.8100197250790712
0.8571186330250556
1.3046777653504225
2.4810843420112896
1.0743786411280496
3.9549868299817237
2.0503506772088747
2.1216089080775715
1.1090587041198496
1.6366130250674942
1.015385795700632
6.260428660715566
6.431993485723437
5.3145718196744625
1.8134050240544555
6.98303640113495
3.601976233225325
4.724733000375169
2.6911429760314842
0.9590586993317242
1.0258087433928196
0.991426944195785
2.1869428431164266
2.08426394984925
1.388247256953954
1.2421325192788215
3.906084543412632
1.3911633801316365
1.0876259961465753
2.7264828877417
1.923711605340452
2.409236519995241
3.529023693021975
2.6274644700454446
1.1982700544247706
3.674822392861783
2.443520467954045
2.1103520642794034
2.1193657552958736
2.310552733981758
0.9191389823126755
2.2190366303992333
6.433061091965029
19.856458622807196
10.908644734010885
2.195818602717151
1.492546253835408
3.751667887772625
4.362439567883992
1.1129913514131233
4.427630439626098
1.3043059049980317
3.5831647507634905
3.204346348296724
6.606030999388969
0.9661656912101086
1.7411301127884722
2.297508950059448
3.762364290462688
1.9641884806921777
0.7229530655295149
3.05978065788208
1.3075981096582452
1.5125736312688796
1.064090717761245
1.04310498756082
0.7537692879651043
0.8128323548329048
0.7932572054595215
2.6993706063243637
0.8147550334974176
2.1449368779994047
2.6300591435304446
0.7297944120474493
2.148419063810175
3.9368778377656146
2.727033027632304
3.052793674693366
1.3503585676626535
1.1671527395871981
0.7688769859599273
1.4247949052122209
0.8685062044936109
0.9864922789238109
0.8594087956672981
2.008389429058085
0.8861624310404609
1.1831877106045512
4.437569586229166
2.54454236688635
8.63912886247117
5.328779760407444
10.315543461079217
16.469644422766258
3.204974916300635
6.869881276727346
1.3943091546837296
1.2626143504383351
1.1559559915398918
3.2060225554875097
2.452223467600401
1.7540348986692844
2.6014907605078896
3.8020086871105736
0.7395329543748244
2.4852814121009645
1.3427493495780753
2.113052196815141
0.9319941980859839
1.422339297546203
3.1681037547726483
2.096368524905373
1.109573072984874
0.9168386437730931
4.931009779001975
3.9989296649624504
0.7773421602197779
0.9737050826394721
2.8992065368014517
2.8691020081872622
1.7274980529603785
1.1951025485549887
0.9365467115579377
11.416855768097994
6.064146135520824
2.1784020757767832
1.4944500292157492
2.4357869800546084
0.9070032535946655
1.106373676786755
1.8667178303102556
0.8085641318129291
1.568443520893635
1.2645461591488931
1.871687504082404
6.551736728841218
4.0252006139477094
0.679949569979354
1.34385133645
2.0168399434737383
1.4099181973202184
0.7899851608856392
2.6165263858819965
1.326079153276964
2.90877896448806
1.9749517764872078
5.261927383804807
3.105350875938015
1.337265876789834
0.861011863352371
2.784935272294754
1.0800328711927794
14.558508108676117
2.329656245097341
2.8586146151833702
0.8058747768557083
2.876736714511145
5.1818749219985625
2.6303999942112046
1.2923811395693925
0.8601439828097285
3.276580973816387
1.035368454401932
0.9846364258843896
3.257625711802289
1.9299354546247236
1.6076882336865954
2.646921455598454
0.7396569683330853
0.8890705571407044
1.0250970686118193
1.44334293394961
1.7668156763400529
1.0119859244524654
1.082554975849205
14.814212757038902
8.174011729545214
7.1294260062050725
1.464023191435484
2.22883838201795
1.9920630584891492
2.4252900245275644
0.8007262124072444
4.185111281170076
1.4206176175324472
1.3597227606769582
1.6692633765093652
1.4993206440293072
1.745864706459217
1.0446185347051353
3.0038268289207872
1.631974748234273
1.1731942612858455
3.684461699823851
1.9876357532144646
0.904577095253828
0.8500864425744848
3.245396300391162
1.2310403229625588
0.6914767250735026
1.4463455923955375
0.7673995876417851
1.1200440525180546
2.311216600730561
0.9774220625805735
0.7541567526140259
1.7898840608814446
1.0277330489801841
0.8989775741964073
0.812412628972438
1.2288656979889052
1.9241045451241743
1.0554469948015444
1.7656308468622055
0.7598554950579011
1.0227540698630533
0.7782608928409723
1.0638539625702772
1.5244112935799092
0.8564955293696289
1.0462394782511075
0.9384019737895608
0.7632201334677527
5.6312510368144215
1.7279017729792225
0.7638005102795876
2.576919559723777
0.8188813163877072
0.8210136939936968
1.003214832452522
1.6103107031354478
2.9585665784017006
0.8043637704489256
1.555529559484287
2.9432373654264423
1.290525547090515
1.6448127361184703
1.1416303269234453
0.9008590477712021
1.2039774563433323
0.8165223808916473
1.6529690653606028
1.6169024774269447
1.9244656264980506
0.960550931293688
1.615208093361235
1.8809002194491347
1.8647685139538626
2.4944334280208027
1.6969399570483386
1.184859412968252
1.5383494044947783
0.8225380271340524
1.1232692005329474
3.4202166215081835
1.32560312198836
1.9915180381232542
0.7566362386995243
1.8503107441549205
2.195260800657898
3.7955092532582775
2.8336071863404
1.5000688526070884
1.1366768561393632
2.102178924875266
4.457073680030516
0.830577065627799
2.1223853989751236
1.2623225403167986
1.851965399964944
2.4129509615825393
1.5736131810199987
1.7026347842579772
2.8761372736596025
0.8045533281491148
1.6658601326667914
1.1261922523098706
1.7824387006005442
1.3344626825440904
2.468399095106608
3.3346111291893683
1.4021537578089889
7.074737801989268
1.1691537670620695
0.682363068228057
3.6956516379099473
2.5575298467531664
3.0592013477304905
0.7594703636213769
1.3532889946957554
0.9762569788101183
3.0104671761406467
1.233199926036975
2.294153343296221
2.9727562893054817
5.6040035188448325
6.696810658236817
2.581868802919955
0.9139535187576984
0.7720008189706572
3.6451953628036584
1.7171139916894076
0.7638057873422353
5.851498560034431
6.892354190658207
4.602600486646806
1.9758833394452497
3.0206121767890735
1.3443567243295873
2.0156625028023316
0.891642743240133
4.178002132125593
1.1610893525386716
1.1137744012262154
0.9850722768037193
1.242969525836467
0.8891115293550682
3.333910423508816
1.5260761314993538
2.210031319971672
1.3334439854489093
1.6695120084507047
4.39184546516975
2.434758450005506
1.9129276133370678
2.2049634103933236
2.3874486344306503
2.354885018269994
2.8072643694129495
0.8707796360131513
2.7800656823786416
3.6264412796743204
1.2447149584414812
0.8083541926843001
11.600441698244323
6.30642312409567
0.9722105241449682
1.2089804255020893
4.63755042059959
3.3373619367050993
3.056858624400653
1.7855207973041796
1.1729833679636827
1.4123352117205732
1.74012592088114
1.1149160865925336
1.305852910261893
1.218513578585824
0.7449959786071634
1.9525387020232974
4.197807181893061
1.1801146598586087
3.181843879367881
0.9683580868997592
1.7144502492706084
1.1649585123989543
0.9916851088838267
2.3549787581435693
2.235505135650362
1.5345565306114104
1.1509690695079309
1.4424689624818874
0.8284297936419942
0.8159454970012167
0.8417011832325116
2.7130340380211813
1.1583830663006878
1.4648978989217307
1.205633945121888
0.9003860702904407
2.3740726151505993
1.9037281699759805
1.0710393489441132
2.114043636795257
1.405445334315065
1.7391198051320391
1.0366316525291397
2.202379823194357
1.67288770960999
2.9348546417244714
1.0609770981915627
2.6100951975405318
1.1173655491366887
1.6546957231925068
2.1647912691286093
0.8239266830680356
1.4767338440277873
0.8935665279288768
1.1590527155382306
1.5351977515257962
7.060127651452978
8.688894357184605
1.0263630387228668
3.7134805905398567
15.64812698381249
13.171779657710188
1.4491659786366236
1.4882724641019145
1.3130831815042412
1.1950465070514742
0.8776782928529671
1.4070008254709243
0.786892698752975
1.1844849143636893
5.070662821240748
2.6352779909649766
3.0252148317822702
2.596405034776908
1.7249736380311946
2.616032030904366
0.9111835611337218
4.127337212529322
1.4266582532342937
0.8895687071578536
3.6213219399078214
1.6618247985455656
4.784311803351008
2.0471044155705833
1.918097704635051
2.787460879600465
7.079463345041112
6.2972700469796035
3.249995719114007
1.6051953006572852
1.1379516503348248
1.3310727961642723
1.28102979233188
1.2087369134958246
1.1870810521451756
3.703589440297804
2.164661609609761
1.748082939836495
1.106260787238274
2.320395782598707
1.965012365344474
3.0002820110894293
1.9146673773435927
9.086143662686005
2.067023863195569
4.509367158827475
12.04625380936829
2.792832354894501
5.658969162494578
2.406399673481183
0.9067661138866034
0.7864193833524062
2.9891239139741503
2.109692144983782
0.9547335468514156
5.814071467999339
3.056291178754125
1.0521523627392286
1.5716215611419557
1.6312632050869083
1.7296701158883663
1.6666231488623362
1.0248670190264921
2.4877953814760345
1.4533647751941072
2.351231050613686
0.7731310277869695
1.6371142927036828
1.5651543629278075
1.7947791939994702
1.3222856171848647
1.208750254190279
1.6070113641504198
4.182091068118626
0.8882330186724126
0.9215287428002397
2.4615861998126416
2.8587868470029765
3.5010858827453486
1.5493895669054072
1.1123600688451825
3.353423860665234
2.3798187413515794
0.8952847000611168
0.7671139607390451
2.629543707937599
4.638843705449561
0.7704448377646346
2.590559632830385
0.971864982204885
1.4742422174309764
2.966775451172455
1.5845815555256484
1.1503990129954695
1.9959792186663772
0.9025608411093786
4.118323657789934
1.7506367500015154
0.8033744888637592
2.245534589346779
2.638132004400413
1.011831318150983
1.5606658787784902
1.1298767602071664
7.074159216432545
2.7598549446537124
1.3618116391495731
2.0336241776340063
4.255880692136163
4.534210423560956
2.8139031180326355
0.9937332250918781
1.7633098039810786
1.6980784672476206
1.0545148953915433
1.7268573544081505
2.617786247789751
1.3923875722563483
1.9574308676447874
3.2394416092143516
0.7669575419444145
1.5032969475214046
1.6952399329879362
5.276451981642629
4.929622475979119
4.033109165327593
0.6901511098831068
1.7892029891577717
1.2635324076030874
9.428120522255213
6.062446490508397
2.7191550618477387
1.0168620620346784
1.314009331572222
0.8230626951893038
2.5580537349115073
1.4446576740151824
0.8642516810728191
0.8722760344177729
1.1105058580810518
1.431896459000969
1.8351525516098421
0.8952812797498022
2.1985156749336108
1.419017282782844
1.4944061731854543
1.2630560080106594
1.9465822280162666
3.2610226391041186
1.3401039869855556
4.536093141020968
2.366830347775822
3.261368794924605
3.077452855109968
1.2368053909826235
1.1892750844787134
0.7074907428922493
1.3926676747006608
1.7678121383628567
3.185377107827266
0.7137623310615079
1.0153934991309455
0.9619098182321567
1.9962476647633254
1.0763798259265818
3.755346900394392
0.9956399831112079
1.3954303679719957
0.7998141148436662
0.9873458191123132
0.8629499663177871
3.4076374786763597
2.2346947693909445
1.1118044565440184
0.7890981606914522
1.6724565651670318
2.6496561166032406
1.0680687940176614
1.2384202645339686
1.4511329139466067
0.7677671553821239
1.4466025235134552
0.8471181159426849
1.782708283135525
2.3119960010287643
0.7218624782771658
0.9331234500319373
1.921547897755671
1.2844612074003467
0.7475295072367947
0.8252945731003525
0.9318779275900279
11.503267209539047
1.1036758215786995
0.8900100103928456
1.4145576334340615
1.7558977253761123
1.2910742038333352
0.7067405616240523
1.256961807702256
0.7188479883952984
1.0328806195412614
1.2494524355113457
1.630630440292661
0.9904140631445165
3.6304791415330704
0.7861718198065435
0.893192376306056
2.068198982007915
1.0230581375436787
2.966031867562895
1.6246149355877173
2.2489376145794266
2.33139390866916
1.052625162332846
1.274542864525762
2.544626458365288
2.4642590383011
2.159451109943015
0.9910922275708974
1.1581066165838736
1.3370961494574585
0.8744456466846259
1.0326424576084057
7.7232743435302424
1.9338173345506255
1.1318514579388406
2.1560253463010772
3.8550795164363016
1.4975950713493493
3.0628244437727568
1.7195407855913116
1.0108700670833934
1.497650202673656
0.7980276348430707
1.8599794418966953
3.859923570533773
0.895323158425472
1.7964763546749059
1.3281353345839109
1.6988463915653957
5.3407357103230915
3.084079503363976
0.6945557474916055
3.5693424505579663
1.6437213140397544
1.950717468758671
2.4134686978698627
1.179983521311229
2.3678864047237838
0.9904318960129057
1.6300477134295162
0.8635567110512428
0.7802515265887632
0.9798138984406066
1.4437605568409115
2.7172694047585297
1.1975493330542493
0.8380755044416042
2.6500145175298773
2.215828391230159
0.8052419948197317
0.9234811884782523
1.2331946494706774
0.9937914377981372
0.7638185130248217
1.710307120446555
1.2121553067019042
1.126069364165589
0.8341290103598052
0.8910372893994358
1.2333864025411474
3.005816579949142
2.0126537928264505
1.0505251254559735
1.716007277889473
0.8713982214157721
2.952127900112906
2.235078907974648
1.330033436348627
1.7133997397706278
1.4966536443256122
0.7638981990011945
1.216002455072262
1.0995266445464165
2.0781437904927915
1.062876306177599
1.7365699430651842
3.5864094846761168
1.0602816843747527
1.2120052019800494
1.0566250131096726
1.0484433116803642
1.497537013169946
1.5137134423665357
0.8924962585158687
1.8949156431968779
16.79900692658025
9.517778633169419
1.4706000715129164
1.5262736238277932
1.4245040565618066
3.0242674856823384
1.882138226282273
1.3894243300076685
2.456618834194041
2.181044779213013
2.6313306842401607
0.916267087976415
0.7324837723957149
1.1060275152374828
2.078235613841348
0.9410290294618942
2.17967945590934
1.460868377281396
2.124116553651667
2.1535665233767185
3.0489176206891706
1.0950081475932192
0.9825463692464698
1.8732902111113752
0.835107573352272
2.471798768470556
0.9816158402711642
1.2950051368517153
1.5725531337769492
1.094979928553981
1.502382681920591
0.8458143139173568
2.2380719007599974
3.352953051506335
1.2961921141035102
3.0911258420155603
5.4748915685167905
2.554291407802253
9.206542929636793
1.4079087440599198
10.801402260940428
4.671014717857419
6.53975162272706
1.5384199147976587
1.840709470064056
1.6155034879770656
2.6598470950249693
1.1039077788123004
0.7975914633552335
1.8039607919047196
2.7639325510381663
1.0127433657316138
2.4372713422751553
0.7535376042244879
0.8041344306316544
0.7292178186029111
2.372839566191343
0.8004561913007868
1.393012607173631
0.7595014574482115
2.375629880507161
0.9927141339217861
1.0192236417735594
0.8082841064513822
0.9659995885722652
1.7462065937134368
1.1842609207057337
0.9816698409024731
3.740189697302
4.121341124261921
4.513825554064393
0.9791115792079812
0.9070803489761154
2.171267639341502
1.4625411784164812
1.7251029613543634
1.315985978389753
1.6047517709957844
1.8827982138164014
1.0807389659531068
1.1935874651602199
1.2404559278544334
4.909529069461506
1.6049251659297386
1.2963489233804306
1.1261655696145598
1.3229617931602682
0.9573294693750857
2.572443454706871
1.2506864477708837
1.800205836318998
0.7701018234549957
1.324245480916049
0.7821913331858291
1.1084621701724091
1.292189471397396
2.582292698321712
0.9090869093390856
0.866989379040192
1.975928092029182
0.8813628399261968
1.3377903117735996
0.9871090491180718
1.2470980037728283
1.1150331133463147
0.7497523710907161
1.4482299738747964
1.5657098970030128
1.9658330021961752
2.4248174858795615
2.6418043834308134
1.5149001684731667
1.4897724878550147
0.9561137570783282
1.2726163553034362
0.843892925451612
1.5333095078101198
2.181891440061859
1.8835963209267075
1.8618477465029049
0.9500746089269901
2.0918597891431254
1.084457066221231
1.1005809886769482
1.5111414866724606
2.9100970775153816
3.1926677776833223
1.9282883050578674
1.1940908094097245
1.0507107954216979
1.662566624103206
1.050922459081418
1.9747296320709276
0.8874795301852287
1.0490346203063812
1.1618124559165757
5.312097938382893
3.1214455484447647
1.1892573896726812
1.7512364447658797
1.695134232725869
4.338199225770034
2.330857189363909
2.2132593390692183
0.7876343845181959
2.7516102801340647
1.1711845567704515
1.4806912461613873
1.341373079961262
1.7292035534106054
0.9233852773088627
2.4741039132068643
4.757286731593376
2.9378682739336646
1.9941468350106677
0.9221689387233066
2.553477514771905
0.7239943793390154
0.8846478454426896
1.3348055797046634
1.7135423431794952
1.105291455568725
0.9994398168042242
1.3061310057693727
1.5591425997962087
1.39030480309487
2.1105635061746995
0.7145287352572915
0.9421188587523499
1.8575213293291766
3.331409727227936
2.9185374332114034
2.074380195266388
0.9010905690556034
1.8736116410284172
1.5790948592893053
1.137045203788597
0.7415145774999751
0.8724148454757988
1.2837622089779428
6.1424074211703035
3.8611121956637895
1.3291633622312846
0.9503348896920367
0.8057815074181417
0.9165931123756342
4.260734901000117
0.9365879017950423
3.089005316542367
1.4393598471089462
2.499540530088774
2.3459529269590584
2.36997938551292
0.9450760559313305
1.3328372591290345
2.7985042447877637
3.2959901270453
15.323961777066867
8.965293405893778
1.236656136483386
2.802087986358525
1.447815083387582
1.0386242485926263
1.3215488877031216
1.2025529528338492
1.1112531198758204
4.485862272986856
1.8515466589207867
2.254788972028449
4.48641620777294
1.696118761298953
2.5095421210558615
2.7212961338923236
3.592628665481713
1.556381173121476
5.460918069666747
11.17931033056351
1.1501376242487296
1.7621650011461731
5.504396727544324
3.694070652664646
1.9044014532673417
2.9903267341110014
5.208357648657226
5.264004741179078
1.2918568071220684
3.239034227302619
4.445431653391628
2.9485704462131257
3.5947215258396974
1.9192196669337707
5.9687021993939995
1.5271800961405246
1.2361977017691712
9.945122101964609
7.333952383905292
4.511868626018538
3.7040947982972328
4.284190334734531
0.9983897033347189
1.3129306590257135
3.3136996130387137
2.2847787353891738
0.6995707550428716
0.8629710936639681
1.9878820663804986
0.9054273043261262
1.0176294205960932
4.097730565247184
1.4025317012415643
1.3203090449339427
3.2509441752918202
1.0330976394303266
1.0961968188324507
1.0727763225445288
1.8166190088087029
1.3129912741531196
1.636058421813425
0.7732236154731141
2.5002002579915574
1.9177128938625132
0.7526191646651297
0.8475195251890068
1.6002096407131132
0.9194956940023821
1.163251066322113
1.0587015580815486
3.1323749749663894
2.2532357720156395
0.9484316034898104
1.7544280444872271
0.7658948603188156
1.064136162279614
3.2191850044275365
0.9178717180427051
2.747608336571121
2.0196247515358317
1.198525794933523
0.8350006902301695
1.6914185532846728
2.128919765554678
0.8020340721694845
0.7575281578507376
0.7528341238985788
0.9657710086074011
1.2220219461034574
1.4646828890189618
0.764567582425915
0.8557752204595015
2.103297795787298
0.9206657515318349
0.7678487916528561
0.8404248960167787
1.9623539226066604
1.405667306620579
1.7434798880764688
1.749463059386026
3.0020693355429686
2.3915150884037795
13.163657506238696
2.6929330278443593
0.8258326780438284
3.1026311635853543
1.8790499667053115
3.396584145900705
0.8330737677506199
0.7042201114633134
3.9378704121797314
3.0701710248746155
6.765552272979393
11.089098142858127
8.947386139531734
5.531197185312246
1.430825022107327
3.061345220094692
